293.34413835959106	0.9645320741048871	153.0	37.0	34.0	33.0	49.0	1.0	0.0	1.0	1.0	0.0	2.0	0.0	2.0	3.0	1.0	3.0	1.0	0.0	2.0	2.0	1.0	1.0	4.0	3.0	4.0	0.0	1.0	3.0	1.0	2.0	1.0	0.0	3.0	3.0	0.0	1.0	1.0	0.0	1.0	2.0	0.0	1.0	0.0	1.0	1.0	3.0	2.0	3.0	2.0	1.0	1.0	1.0	4.0	0.0	2.0	2.0	0.0	3.0	2.0	3.0	1.0	1.0	2.0	2.0	0.0	2.0	2.0	2.0	1.0	0.0	1.0	0.0	3.0	3.0	0.0	1.0	0.0	2.0	2.0	2.0	2.0	2.0	1.0	1.0	1.0	4.0	4.0	3.0	3.0	2.0	1.0	2.0	2.0	1.0	0.0	3.0	2.0	1.0	4.0	2.0	2.0	0.998

294.7340475811769	0.97812854410131	158.0	33.0	33.0	39.0	53.0	0.0	4.0	4.0	1.0	1.0	1.0	0.0	1.0	2.0	2.0	2.0	2.0	0.0	2.0	0.0	2.0	2.0	1.0	1.0	0.0	1.0	2.0	1.0	1.0	3.0	2.0	3.0	2.0	0.0	3.0	1.0	1.0	0.0	1.0	1.0	2.0	1.0	3.0	1.0	1.0	1.0	1.0	0.0	2.0	2.0	1.0	0.0	1.0	3.0	2.0	0.0	2.0	2.0	1.0	2.0	0.0	1.0	1.0	1.0	1.0	4.0	2.0	3.0	0.0	1.0	4.0	0.0	2.0	1.0	3.0	1.0	2.0	3.0	3.0	3.0	2.0	1.0	3.0	3.0	3.0	3.0	2.0	2.0	0.0	3.0	3.0	2.0	2.0	1.0	2.0	1.0	2.0	2.0	3.0	1.0	3.0	0.998

308.9143866166904	0.9781363613358728	158.0	35.0	38.0	43.0	42.0	1.0	3.0	1.0	1.0	1.0	4.0	0.0	2.0	1.0	0.0	1.0	1.0	1.0	3.0	3.0	3.0	0.0	1.0	1.0	2.0	2.0	1.0	0.0	2.0	0.0	1.0	2.0	0.0	3.0	1.0	0.0	3.0	0.0	2.0	2.0	2.0	2.0	2.0	3.0	3.0	1.0	1.0	2.0	3.0	0.0	1.0	3.0	1.0	1.0	0.0	3.0	1.0	3.0	2.0	0.0	3.0	3.0	2.0	3.0	1.0	4.0	1.0	1.0	1.0	0.0	2.0	0.0	3.0	3.0	3.0	2.0	1.0	0.0	1.0	3.0	3.0	2.0	3.0	1.0	2.0	1.0	2.0	0.0	2.0	0.0	3.0	1.0	1.0	3.0	2.0	3.0	0.0	4.0	2.0	2.0	1.0	0.998

241.55035424021648	0.9683436434127186	127.0	27.0	28.0	35.0	37.0	1.0	1.0	0.0	3.0	0.0	2.0	1.0	1.0	2.0	0.0	1.0	0.0	3.0	0.0	1.0	3.0	1.0	0.0	1.0	0.0	2.0	1.0	2.0	1.0	2.0	0.0	2.0	2.0	0.0	3.0	0.0	2.0	0.0	1.0	1.0	1.0	1.0	2.0	1.0	0.0	1.0	3.0	2.0	0.0	2.0	0.0	2.0	0.0	2.0	1.0	0.0	4.0	2.0	0.0	2.0	1.0	2.0	1.0	0.0	2.0	3.0	3.0	0.0	2.0	1.0	1.0	2.0	0.0	1.0	2.0	1.0	2.0	0.0	2.0	0.0	2.0	2.0	2.0	1.0	3.0	3.0	1.0	1.0	2.0	4.0	1.0	1.0	0.0	2.0	0.0	4.0	4.0	0.0	1.0	1.0	0.0	0.998

301.41114965102304	0.9684094930269858	154.0	37.0	33.0	41.0	43.0	2.0	0.0	3.0	0.0	4.0	2.0	2.0	1.0	2.0	0.0	3.0	1.0	1.0	1.0	3.0	0.0	1.0	3.0	3.0	0.0	3.0	0.0	1.0	1.0	1.0	0.0	4.0	3.0	3.0	3.0	0.0	2.0	0.0	1.0	3.0	0.0	1.0	1.0	0.0	2.0	1.0	0.0	2.0	0.0	2.0	1.0	2.0	1.0	3.0	3.0	1.0	2.0	2.0	2.0	3.0	0.0	2.0	3.0	0.0	3.0	0.0	1.0	0.0	1.0	1.0	3.0	1.0	0.0	3.0	4.0	2.0	1.0	4.0	2.0	2.0	2.0	1.0	3.0	4.0	0.0	1.0	0.0	1.0	0.0	1.0	2.0	0.0	2.0	1.0	4.0	0.0	3.0	1.0	4.0	4.0	1.0	0.998

303.05231010732746	0.9800573278923793	146.0	43.0	35.0	36.0	32.0	1.0	1.0	1.0	3.0	1.0	2.0	1.0	0.0	2.0	0.0	3.0	0.0	3.0	4.0	4.0	2.0	0.0	1.0	2.0	4.0	1.0	1.0	4.0	2.0	0.0	2.0	1.0	1.0	3.0	3.0	2.0	0.0	1.0	1.0	1.0	2.0	0.0	3.0	1.0	1.0	0.0	3.0	2.0	1.0	1.0	4.0	0.0	2.0	0.0	3.0	2.0	1.0	2.0	1.0	0.0	2.0	0.0	2.0	0.0	1.0	1.0	3.0	2.0	1.0	2.0	3.0	2.0	2.0	0.0	2.0	2.0	2.0	2.0	0.0	3.0	0.0	2.0	2.0	0.0	3.0	0.0	1.0	0.0	1.0	1.0	3.0	2.0	2.0	1.0	1.0	1.0	2.0	0.0	1.0	4.0	0.0	0.998

270.83527491268455	0.9606508976881459	139.0	32.0	34.0	34.0	39.0	2.0	0.0	3.0	2.0	1.0	0.0	2.0	1.0	2.0	0.0	1.0	1.0	1.0	1.0	1.0	1.0	0.0	1.0	3.0	1.0	1.0	3.0	3.0	1.0	1.0	0.0	1.0	0.0	3.0	1.0	0.0	2.0	2.0	4.0	1.0	0.0	1.0	3.0	3.0	0.0	1.0	3.0	0.0	2.0	3.0	0.0	1.0	2.0	2.0	2.0	3.0	0.0	1.0	3.0	0.0	2.0	0.0	3.0	3.0	2.0	1.0	1.0	1.0	1.0	1.0	0.0	1.0	2.0	0.0	3.0	0.0	2.0	2.0	0.0	3.0	2.0	0.0	1.0	1.0	0.0	1.0	2.0	4.0	1.0	1.0	0.0	1.0	2.0	4.0	1.0	3.0	2.0	2.0	0.0	2.0	4.0	0.998

253.8191824537468	0.956815933453802	138.0	22.0	32.0	37.0	47.0	1.0	0.0	1.0	2.0	0.0	2.0	1.0	0.0	1.0	1.0	0.0	1.0	1.0	2.0	2.0	1.0	0.0	1.0	1.0	0.0	1.0	0.0	1.0	2.0	1.0	2.0	0.0	2.0	3.0	2.0	0.0	2.0	3.0	4.0	1.0	1.0	0.0	1.0	0.0	1.0	0.0	1.0	1.0	2.0	1.0	0.0	3.0	1.0	2.0	1.0	1.0	2.0	0.0	2.0	1.0	1.0	3.0	0.0	1.0	1.0	3.0	2.0	3.0	0.0	2.0	0.0	3.0	0.0	2.0	3.0	2.0	2.0	0.0	1.0	1.0	4.0	0.0	2.0	1.0	1.0	3.0	0.0	3.0	4.0	1.0	2.0	0.0	2.0	3.0	4.0	1.0	0.0	3.0	4.0	3.0	4.0	0.998

338.54195196674505	0.9762190976426518	170.0	37.0	44.0	45.0	44.0	2.0	1.0	2.0	0.0	1.0	2.0	1.0	0.0	2.0	4.0	2.0	2.0	0.0	1.0	1.0	3.0	1.0	2.0	2.0	3.0	0.0	2.0	2.0	1.0	0.0	1.0	2.0	1.0	3.0	0.0	1.0	3.0	2.0	3.0	2.0	1.0	1.0	2.0	2.0	3.0	1.0	2.0	1.0	4.0	2.0	1.0	2.0	4.0	2.0	4.0	0.0	2.0	2.0	3.0	3.0	1.0	3.0	1.0	1.0	0.0	1.0	3.0	3.0	0.0	1.0	2.0	4.0	0.0	2.0	3.0	4.0	0.0	1.0	2.0	2.0	2.0	1.0	0.0	1.0	4.0	2.0	1.0	1.0	4.0	2.0	3.0	0.0	2.0	3.0	0.0	3.0	0.0	4.0	2.0	3.0	1.0	0.998

282.78024145163886	0.9645128066582582	142.0	32.0	38.0	38.0	34.0	1.0	2.0	4.0	2.0	2.0	0.0	1.0	1.0	0.0	2.0	3.0	1.0	3.0	1.0	1.0	0.0	3.0	1.0	0.0	1.0	2.0	0.0	1.0	0.0	4.0	2.0	2.0	1.0	0.0	2.0	3.0	1.0	1.0	1.0	3.0	1.0	0.0	2.0	0.0	1.0	1.0	2.0	0.0	1.0	3.0	3.0	2.0	2.0	1.0	2.0	2.0	1.0	2.0	2.0	0.0	2.0	0.0	1.0	1.0	1.0	2.0	2.0	1.0	3.0	0.0	4.0	2.0	0.0	4.0	3.0	1.0	1.0	1.0	3.0	1.0	0.0	1.0	1.0	1.0	1.0	3.0	4.0	0.0	1.0	2.0	2.0	1.0	1.0	0.0	1.0	3.0	2.0	2.0	2.0	1.0	0.0	0.998

